8
0 634 366 405 228 1058 1338 1774
634 0 435 949 592 416 696 1132
366 435 0 527 441 854 1133 1569
405 949 527 0 515 1357 1637 2073
228 592 441 515 0 991 1270 1706
1058 416 854 1357 991 0 306 742
1338 696 1133 1637 1270 306 0 462
1774 1132 1569 2073 1706 742 462 0